P1: 51.49 100.32 53.77 90.02 112.45 89.98 0.52 3334
